1:1,18,0:1,19,0:1,20,0:1,21,0:2,21,0:2,22,0:2,18,0:3,18,0:3,17,0:2,17,0:4,18,0:5,18,0:5,19,0:6,19,0:7,19,0:7,20,0:6,20,0:8,19,0:9,19,0:10,19,0:11,19,0:12,19,0:13,19,0:14,19,0:14,17,0:13,17,0:15,17,0:15,18,0:14,18,0:12,17,0:12,18,0:11,18,0:10,18,0:10,17,0:11,17,0:1,17,0:0,17,0:0,18,0
[14,16,0]
-1,0,-1,-1|0083ff,,,,||surface/surface4.tscn
[14,15,0]
-1,-1,-1,0|0083ff,,,,||surface/surface4.tscn
[13,15,0]
-1,-1,0,0|0083ff,,,,||surface/surface4.tscn
[15,15,0]
0,-1,-1,0|0083ff,,,,||surface/surface4.tscn
[13,16,0]
-1,0,1,-1|0083ff,,,,||surface/surface4.tscn
[15,16,0]
1,0,-1,-1|0083ff,,,,||surface/surface4.tscn
[11,15,0]
-1,-1,-1,0|0083ff,,,,||surface/surface3.tscn
[10,15,0]
-1,-1,0,0|0083ff,,,,||surface/surface3.tscn
[10,16,0]
-1,0,1,-1|0083ff,,,,||surface/surface3.tscn
[11,16,0]
-1,1,-1,-1|0083ff,,,,||surface/surface3.tscn
[12,16,0]
1,0,-1,-1|0083ff,,,,||surface/surface3.tscn
[12,15,0]
0,-1,-1,0|0083ff,,,,||surface/surface3.tscn
[6,15,0]
-1,-1,0,0|0083ff,,,,||surface/surface2.tscn
[6,16,0]
-1,0,1,-1|0083ff,,,,||surface/surface2.tscn
[7,15,0]
-1,-1,-1,0|0083ff,,,,||surface/surface2.tscn
[7,16,0]
-1,0,-1,-1|0083ff,,,,||surface/surface2.tscn
[8,15,0]
-1,-1,-1,0|0083ff,,,,||surface/surface2.tscn
[8,16,0]
-1,0,-1,-1|0083ff,,,,||surface/surface2.tscn
[9,15,0]
0,-1,-1,0|0083ff,,,,||surface/surface2.tscn
[9,16,0]
1,0,-1,-1|0083ff,,,,||surface/surface2.tscn
[4,15,0]
-1,-1,-1,0|0083ff,,,,||surface/surface1.tscn
[3,15,0]
-1,-1,0,0|0083ff,,,,||surface/surface1.tscn
[3,16,0]
-1,0,0,-1|0083ff,,,,||surface/surface1.tscn
[4,16,0]
-1,0,-1,-1|0083ff,,,,||surface/surface1.tscn
[5,16,0]
1,0,-1,-1|0083ff,,,,||surface/surface1.tscn
[5,15,0]
0,-1,-1,0|0083ff,,,,||surface/surface1.tscn
[1,15,0]
-1,-1,-1,0|0083ff,,,,||surface/surface5.tscn
[0,15,0]
-1,-1,0,0|0083ff,,,,||surface/surface5.tscn
[0,16,0]
-1,0,1,-1|0083ff,,,,||surface/surface5.tscn
[1,16,0]
-1,0,-1,-1|0083ff,,,,||surface/surface5.tscn
[2,16,0]
0,0,-1,-1|0083ff,,,,||surface/surface5.tscn
[2,15,0]
0,-1,-1,0|0083ff,,,,||surface/surface5.tscn
[13,19,0]
-1,0,1,0|3b74aa,,,,||
[12,19,0]
1,0,1,-1|3b74aa,,,,||area1/tree.tscn
[12,18,0]
0,-1,1,-1|3b74aa,,,,||area1/tree.tscn
[11,19,0]
1,0,-1,0|3b74aa,,,,||area1/hallway.tscn
[10,19,0]
-1,0,-1,1|3b74aa,,,,||area1/hallway.tscn
[9,19,0]
-1,0,-1,0|3b74aa,,,,||area1/hallway.tscn
[8,19,0]
-1,1,1,0|3b74aa,,,,||area1/hallway.tscn
[7,20,0]
1,0,-1,-1|3b74aa,,,,||area1/big_room.tscn
[7,19,0]
1,-1,-1,0|3b74aa,,,,||area1/big_room.tscn
[6,19,0]
-1,-1,1,0|3b74aa,,,,||area1/big_room.tscn
[6,20,0]
-1,0,0,-1|3b74aa,,,,||area1/big_room.tscn
[5,18,0]
0,-1,1,0|3b74aa,,,,||area1/climb.tscn
[4,18,0]
1,0,1,0|3b74aa,,,,||area1/square.tscn
[3,18,0]
1,0,-1,-1|3b74aa,,,,||area1/first_boss_room.tscn
[3,17,0]
0,-1,-1,0|3b74aa,,,,||area1/first_boss_room.tscn
[2,17,0]
-1,-1,0,0|3b74aa,,,,||area1/first_boss_room.tscn
[2,18,0]
-1,0,1,-1|3b74aa,,,,||area1/first_boss_room.tscn
[11,17,0]
0,0,1,1|3b74aa,,,,||area1/connector.tscn
[10,17,0]
1,-1,0,0|3b74aa,,,,||area1/tower.tscn
[10,18,0]
0,1,0,-1|3b74aa,,,,||area1/tower.tscn
[12,17,0]
1,-1,0,0|3b74aa,,,,||area1/tree.tscn
[11,18,0]
1,0,0,0|3b74aa,,,,||area1/map_room.tscn
[13,17,0]
-1,0,1,0|3b74aa,,,,||
[5,19,0]
1,0,0,-1|3b74aa,,,,||area1/climb.tscn
[1,17,0]
0,0,1,0|3b74aa,,,,||
[1,18,0]
1,-1,0,0|3b74aa,,,,||
[1,19,0]
0,-1,0,-1|3b74aa,,,,||
[1,20,0]
0,-1,0,-1|3b74aa,,,,||
[1,21,0]
1,0,0,-1|3b74aa,,,,||
[2,21,0]
0,-1,1,0|3b74aa,,,,||
[2,22,0]
1,0,0,-1|3b74aa,,,,||
[0,19,0]
0,0,0,0|3b74aa,,,,||
[0,18,0]
0,0,1,-1|3b74aa,,,,||
[0,17,0]
1,-1,0,0|3b74aa,,,,||
[9,17,0]
0,0,0,0|3b74aa,,,,||
[9,18,0]
0,0,0,0|3b74aa,,,,||
[8,18,0]
0,0,0,0|3b74aa,,,,||
[7,18,0]
0,0,0,0|3b74aa,,,,||
[6,18,0]
0,0,0,0|3b74aa,,,,||
[6,17,0]
0,0,0,0|3b74aa,,,,||
[7,17,0]
0,0,0,0|3b74aa,,,,||
[8,17,0]
0,0,0,0|3b74aa,,,,||
[5,17,0]
0,0,0,0|3b74aa,,,,||
[4,17,0]
0,0,0,0|3b74aa,,,,||
[15,17,0]
0,0,-1,0|3b74aa,,,,||
[15,18,0]
1,0,-1,0|3b74aa,,,,||
[15,19,0]
0,0,0,0|3b74aa,,,,||
[14,19,0]
0,0,-1,1|3b74aa,,,,||
[14,17,0]
-1,0,-1,0|3b74aa,,,,||
[14,18,0]
-1,1,0,0|3b74aa,,,,||
[13,18,0]
0,0,0,0|3b74aa,,,,||
[6,21,0]
1,0,1,0|20ff00,,,,||
[6,22,0]
1,0,0,0|20ff00,,,,||
[6,23,0]
-1,0,1,0|20ff00,,,,||
[6,24,0]
0,-1,0,0|20ff00,,,,||
[6,25,0]
1,-1,1,-1|20ff00,,,,||
[6,26,0]
1,0,0,-1|20ff00,,,,||
[7,26,0]
1,0,1,0|20ff00,,,,||
[7,25,0]
-1,0,1,0|20ff00,,,,||
[7,24,0]
0,0,0,0|20ff00,,,,||
[7,23,0]
-1,0,-1,0|20ff00,,,,||
[7,22,0]
1,0,1,-1|20ff00,,,,||
[7,21,0]
1,-1,1,0|20ff00,,,,||
[8,26,0]
-1,0,1,0|20ff00,,,,||
[9,26,0]
1,0,-1,0|20ff00,,,,||
[10,26,0]
0,0,1,0|20ff00,,,,||
[5,25,0]
1,1,1,0|20ff00,,,,||
[5,24,0]
0,0,-1,-1|20ff00,,,,||
[4,23,0]
-1,-1,1,-1|20ff00,,,,||
[3,23,0]
1,0,1,0|20ff00,,,,||
[2,19,0]
1,0,0,0|20ff00,,,,||
[2,20,0]
0,0,0,0|20ff00,,,,||
[3,20,0]
1,-1,0,-1|20ff00,,,,||
[3,19,0]
0,-1,1,0|20ff00,,,,||
[4,19,0]
0,-1,0,0|20ff00,,,,||
[4,20,0]
1,1,1,-1|20ff00,,,,||
[5,20,0]
0,0,1,0|20ff00,,,,||
[4,21,0]
-1,-1,1,1|20ff00,,,,||
[5,22,0]
0,-1,-1,-1|20ff00,,,,||
[5,21,0]
1,-1,-1,0|20ff00,,,,||
[5,23,0]
1,-1,-1,-1|20ff00,,,,||
[3,21,0]
1,0,0,-1|20ff00,,,,||
[3,22,0]
1,0,1,0|20ff00,,,,||
[4,22,0]
-1,-1,1,-1|20ff00,,,,||
[10,25,0]
-1,0,-1,-1|20ff00,,,,||
[11,25,0]
1,0,-1,-1|20ff00,,,,||
[12,25,0]
0,0,1,0|20ff00,,,,||
[12,24,0]
-1,0,1,-1|20ff00,,,,||
[13,24,0]
0,0,-1,-1|20ff00,,,,||
[13,23,0]
1,-1,-1,-1|20ff00,,,,||
[14,23,0]
0,1,1,0|20ff00,,,,||
[13,22,0]
0,-1,-1,0|20ff00,,,,||
[13,21,0]
0,0,1,0|20ff00,,,,||
[12,21,0]
1,0,1,-1|20ff00,,,,||
[12,20,0]
0,-1,0,0|20ff00,,,,||
[8,20,0]
1,-1,1,0|20ff00,,,,||
[8,21,0]
0,0,1,-1|20ff00,,,,||
[8,22,0]
-1,0,1,0|20ff00,,,,||
[8,23,0]
1,0,-1,0|20ff00,,,,||
[8,25,0]
1,0,-1,0|20ff00,,,,||
[8,24,0]
0,0,0,0|20ff00,,,,||
[9,25,0]
-1,0,1,-1|20ff00,,,,||
[10,24,0]
-1,-1,-1,-1|20ff00,,,,||
[10,22,0]
-1,0,-1,0|20ff00,,,,||
[9,23,0]
-1,-1,1,0|20ff00,,,,||
[9,24,0]
-1,-1,0,-1|20ff00,,,,||
[9,21,0]
-1,0,0,-1|20ff00,,,,||
[9,22,0]
-1,0,-1,0|20ff00,,,,||
[9,20,0]
-1,-1,1,0|20ff00,,,,||
[10,20,0]
0,-1,-1,0|20ff00,,,,||
[11,20,0]
0,0,0,0|20ff00,,,,||
[11,21,0]
1,0,1,0|20ff00,,,,||
[10,21,0]
1,0,-1,-1|20ff00,,,,||
[11,22,0]
1,0,-1,0|20ff00,,,,||
[12,22,0]
-1,-1,1,0|20ff00,,,,||
[12,23,0]
-1,-1,0,-1|20ff00,,,,||
[11,23,0]
0,-1,-1,0|20ff00,,,,||
[11,24,0]
1,-1,-1,-1|20ff00,,,,||
[10,23,0]
-1,-1,-1,0|20ff00,,,,||
[13,20,0]
0,0,0,0|2d31ad,,,,||
[14,20,0]
0,0,0,0|2d31ad,,,,||
[15,20,0]
0,0,0,0|2d31ad,,,,||
[0,20,0]
0,0,0,0|2d31ad,,,,||
[14,21,0]
0,0,0,0|2d31ad,,,,||
[15,21,0]
0,0,0,0|2d31ad,,,,||
[0,21,0]
0,0,0,0|2d31ad,,,,||
[14,22,0]
0,0,0,0|2d31ad,,,,||
[15,22,0]
0,0,0,0|2d31ad,,,,||
[0,22,0]
0,0,1,0|2d31ad,,,,||
[1,22,0]
0,0,0,0|2d31ad,,,,||
[2,23,0]
1,-1,0,0|20ff00,,,,||
[1,23,0]
0,-1,1,0|20ff00,,,,||
[0,23,0]
1,0,0,0|20ff00,,,,||
[1,24,0]
1,0,0,-1|20ff00,,,,||
[2,24,0]
0,0,1,-1|20ff00,,,,||
[15,23,0]
0,0,1,0|2d31ad,,,,||
[15,24,0]
0,0,0,0|2d31ad,,,,||
[14,24,0]
0,0,0,0|2d31ad,,,,||
[0,24,0]
0,0,0,0|2d31ad,,,,||
[13,25,0]
0,0,0,0|2d31ad,,,,||
[14,25,0]
0,0,0,0|2d31ad,,,,||
[15,25,0]
0,0,0,0|2d31ad,,,,||
[0,25,0]
0,0,0,0|2d31ad,,,,||
[1,25,0]
0,0,0,0|2d31ad,,,,||
[13,26,0]
0,0,0,0|2d31ad,,,,||
[14,26,0]
0,0,0,0|2d31ad,,,,||
[15,26,0]
0,0,0,0|2d31ad,,,,||
[1,26,0]
0,0,0,0|2d31ad,,,,||
[0,26,0]
0,0,0,0|2d31ad,,,,||
[11,26,0]
0,0,0,0|2d31ad,,,,||
[12,26,0]
0,0,0,0|2d31ad,,,,||
[0,27,0]
0,0,0,0|2d31ad,,,,||
[6,27,0]
0,0,0,0|2d31ad,,,,||
[7,27,0]
0,0,0,0|2d31ad,,,,||
[8,27,0]
0,0,0,0|2d31ad,,,,||
[9,27,0]
0,0,0,0|2d31ad,,,,||
[10,27,0]
0,0,0,0|2d31ad,,,,||
[11,27,0]
0,0,0,0|2d31ad,,,,||
[12,27,0]
0,0,0,0|2d31ad,,,,||
[13,27,0]
0,0,0,0|2d31ad,,,,||
[15,27,0]
0,0,0,0|2d31ad,,,,||
[14,27,0]
0,0,0,0|2d31ad,,,,||
[13,28,0]
0,0,0,0|2d31ad,,,,||
[12,28,0]
0,0,0,0|2d31ad,,,,||
[11,28,0]
0,0,0,0|2d31ad,,,,||
[10,28,0]
0,0,0,0|2d31ad,,,,||
[9,28,0]
0,0,0,0|2d31ad,,,,||
[8,28,0]
0,0,0,0|2d31ad,,,,||
[7,28,0]
0,0,0,0|2d31ad,,,,||
[6,28,0]
0,0,0,0|2d31ad,,,,||
[8,29,0]
0,0,0,0|2d31ad,,,,||
[9,29,0]
0,0,0,0|2d31ad,,,,||
[10,29,0]
0,0,0,0|2d31ad,,,,||
[11,29,0]
0,0,0,0|2d31ad,,,,||
[12,29,0]
0,0,0,0|2d31ad,,,,||
[13,29,0]
0,0,0,0|2d31ad,,,,||
[4,25,0]
1,0,0,0|20ff00,,,,||
[4,24,0]
-1,0,0,-1|20ff00,,,,||
[3,24,0]
0,0,0,0|a92626,,,,||
[3,25,0]
0,0,0,0|a92626,,,,||
[2,25,0]
0,0,0,0|a92626,,,,||
[2,26,0]
0,0,0,0|a92626,,,,||
[3,26,0]
0,0,0,0|a92626,,,,||
[4,26,0]
0,0,1,0|a92626,,,,||
[5,26,0]
0,0,0,0|a92626,,,,||
[5,27,0]
0,0,1,0|a92626,,,,||
[4,27,0]
0,0,0,0|a92626,,,,||
[3,27,0]
0,0,0,0|a92626,,,,||
[2,27,0]
0,0,0,0|a92626,,,,||
[2,28,0]
0,0,0,0|a92626,,,,||
[3,28,0]
0,0,0,0|a92626,,,,||
[4,28,0]
0,0,0,0|a92626,,,,||
[5,28,0]
0,0,0,0|a92626,,,,||
[1,27,0]
0,0,0,0|a92626,,,,||
[1,28,0]
0,0,0,0|a92626,,,,||
[0,28,0]
0,0,0,0|a92626,,,,||
[15,28,0]
0,0,0,0|a92626,,,,||
[14,28,0]
0,0,0,0|a92626,,,,||
[0,29,0]
0,0,0,0|a92626,,,,||
[1,29,0]
0,0,0,0|a92626,,,,||
[2,29,0]
0,0,0,0|a92626,,,,||
[3,29,0]
0,0,0,0|a92626,,,,||
[4,29,0]
0,0,0,0|a92626,,,,||
[5,29,0]
0,0,0,0|a92626,,,,||
[6,29,0]
0,0,0,0|a92626,,,,||
[7,29,0]
0,0,0,0|a92626,,,,||
[14,29,0]
0,0,0,0|a92626,,,,||
[15,29,0]
0,0,0,0|a92626,,,,||
[2,30,0]
0,0,0,0|a92626,,,,||
[2,31,0]
0,0,0,0|a92626,,,,||
[3,30,0]
1,0,0,0|a92626,,,,||
[4,30,0]
0,0,0,0|a92626,,,,||
[5,30,0]
0,0,0,0|a92626,,,,||
[5,31,0]
0,0,0,0|a92626,,,,||
[4,31,0]
0,0,0,0|a92626,,,,||
[3,31,0]
1,0,0,0|a92626,,,,||
[6,30,0]
0,0,0,0|a92626,,,,||
[7,30,0]
0,0,0,0|a92626,,,,||
[7,31,0]
0,0,0,0|a92626,,,,||
[6,31,0]
0,0,0,0|a92626,,,,||
[8,30,0]
0,0,0,0|a92626,,,,||
[9,30,0]
0,0,0,0|a92626,,,,||
[10,30,0]
0,0,0,0|a92626,,,,||
[10,31,0]
0,0,0,0|a92626,,,,||
[8,31,0]
0,0,0,0|a92626,,,,||
[9,31,0]
0,0,0,0|a92626,,,,||
[15,30,0]
0,0,0,0|a92626,,,,||
[15,31,0]
0,0,0,0|a92626,,,,||
[0,30,0]
0,0,0,0|a92626,,,,||
[2,14,0]
0,0,0,0|f300ff,,,,||
[2,13,0]
0,0,0,0|f300ff,,,,||
[2,12,0]
0,0,0,0|f300ff,,,,||
[2,11,0]
0,0,0,0|f300ff,,,,||
[3,14,0]
0,0,0,0|f300ff,,,,||
[5,14,0]
0,0,0,0|f300ff,,,,||
[4,14,0]
0,0,0,0|f300ff,,,,||
[6,14,0]
0,0,0,0|f300ff,,,,||
[7,14,0]
0,0,0,0|f300ff,,,,||
[8,14,0]
0,0,0,0|f300ff,,,,||
[8,12,0]
0,0,0,0|f300ff,,,,||
[8,13,0]
0,0,0,0|f300ff,,,,||
[8,11,0]
0,0,0,0|f300ff,,,,||
[8,10,0]
0,0,0,0|f300ff,,,,||
[7,9,0]
0,0,0,0|f300ff,,,,||
[8,9,0]
0,0,0,0|f300ff,,,,||
[6,9,0]
0,0,0,0|f300ff,,,,||
[5,9,0]
0,0,0,0|f300ff,,,,||
[4,9,0]
0,0,0,0|f300ff,,,,||
[3,9,0]
0,0,0,0|f300ff,,,,||
[3,10,0]
0,0,0,0|f300ff,,,,||
[3,11,0]
0,0,0,0|f300ff,,,,||
[3,12,0]
0,0,0,0|f300ff,,,,||
[3,13,0]
0,0,0,0|f300ff,,,,||
[5,13,0]
0,0,0,0|f300ff,,,,||
[4,13,0]
0,0,0,0|f300ff,,,,||
[4,11,0]
0,0,0,0|f300ff,,,,||
[4,12,0]
0,0,0,0|f300ff,,,,||
[5,12,0]
0,0,0,0|f300ff,,,,||
[5,11,0]
0,0,0,0|f300ff,,,,||
[5,10,0]
0,0,0,0|f300ff,,,,||
[4,10,0]
0,0,0,0|f300ff,,,,||
[7,10,0]
0,0,0,0|f300ff,,,,||
[7,11,0]
0,0,0,0|f300ff,,,,||
[7,12,0]
0,0,0,0|f300ff,,,,||
[6,12,0]
0,0,0,0|f300ff,,,,||
[7,13,0]
0,0,0,0|f300ff,,,,||
[6,13,0]
0,0,0,0|f300ff,,,,||
[6,10,0]
0,0,0,0|f300ff,,,,||
[6,11,0]
0,0,0,0|f300ff,,,,||
[2,8,0]
0,0,0,0|f3ff00,,,,||
[2,7,0]
0,0,0,0|f3ff00,,,,||
[3,6,0]
0,0,0,0|f3ff00,,,,||
[5,6,0]
0,0,0,0|f3ff00,,,,||
[4,6,0]
0,0,0,0|f3ff00,,,,||
[6,6,0]
0,0,0,0|f3ff00,,,,||
[6,7,0]
0,0,0,0|f3ff00,,,,||
[6,8,0]
0,0,0,0|f3ff00,,,,||
[5,8,0]
0,0,0,0|f3ff00,,,,||
[4,8,0]
0,0,0,0|f3ff00,,,,||
[3,8,0]
0,0,0,0|f3ff00,,,,||
[3,7,0]
0,0,0,0|f3ff00,,,,||
[5,7,0]
0,0,0,0|f3ff00,,,,||
[4,7,0]
0,0,0,0|f3ff00,,,,||
[7,7,0]
0,0,0,0|f3ff00,,,,||
[8,8,0]
0,0,0,0|f3ff00,,,,||
[8,7,0]
0,0,0,0|f3ff00,,,,||
[9,8,0]
0,0,0,0|f3ff00,,,,||
[9,7,0]
0,0,0,0|f3ff00,,,,||
[7,8,0]
0,0,0,0|f3ff00,,,,||
[9,9,0]
0,0,0,0|f3ff00,,,,||
[10,9,0]
0,0,0,0|f3ff00,,,,||
[11,9,0]
0,0,0,0|f3ff00,,,,||
[12,9,0]
0,0,0,0|f3ff00,,,,||
[12,10,0]
0,0,0,0|f3ff00,,,,||
[12,11,0]
0,0,0,0|f3ff00,,,,||
[12,12,0]
0,0,0,0|f3ff00,,,,||
[12,13,0]
0,0,0,0|f3ff00,,,,||
[12,14,0]
0,0,0,0|f3ff00,,,,||
[13,14,0]
0,0,0,0|f3ff00,,,,||
[14,14,0]
0,0,0,0|f3ff00,,,,||
[15,14,0]
0,0,0,0|f3ff00,,,,||
[15,13,0]
0,0,0,0|f3ff00,,,,||
[11,10,0]
0,0,0,0|f3ff00,,,,||
[11,12,0]
0,0,0,0|f3ff00,,,,||
[11,11,0]
0,0,0,0|f3ff00,,,,||
[10,11,0]
0,0,0,0|f3ff00,,,,||
[10,10,0]
0,0,0,0|f3ff00,,,,||
[9,10,0]
0,0,0,0|f3ff00,,,,||
[10,12,0]
0,0,0,0|f3ff00,,,,||
[9,12,0]
0,0,0,0|f3ff00,,,,||
[9,11,0]
0,0,0,0|f3ff00,,,,||
[9,13,0]
0,0,0,0|f3ff00,,,,||
[10,14,0]
0,0,0,0|f3ff00,,,,||
[10,13,0]
0,0,0,0|f3ff00,,,,||
[11,13,0]
0,0,0,0|f3ff00,,,,||
[11,14,0]
0,0,0,0|f3ff00,,,,||
[9,14,0]
0,0,0,0|f3ff00,,,,||
[7,6,0]
0,0,0,0|93ad5d,,,,||
[8,6,0]
0,0,0,0|93ad5d,,,,||
[9,6,0]
0,0,0,0|93ad5d,,,,||
[10,6,0]
0,0,0,0|93ad5d,,,,||
[10,7,0]
0,0,0,0|93ad5d,,,,||
[10,8,0]
0,0,0,0|93ad5d,,,,||
[10,5,0]
0,0,0,0|93ad5d,,,,||
[10,4,0]
0,0,0,0|93ad5d,,,,||
[10,3,0]
0,0,0,0|93ad5d,,,,||
[11,6,0]
0,0,0,0|93ad5d,,,,||
[11,7,0]
0,0,0,0|93ad5d,,,,||
[11,8,0]
0,0,0,0|93ad5d,,,,||
[12,8,0]
0,0,0,0|93ad5d,,,,||
[13,8,0]
0,0,0,0|93ad5d,,,,||
[14,8,0]
0,0,0,0|93ad5d,,,,||
[15,8,0]
0,0,0,0|93ad5d,,,,||
[0,8,0]
0,0,0,0|93ad5d,,,,||
[0,7,0]
0,0,0,0|93ad5d,,,,||
[1,8,0]
0,0,0,0|93ad5d,,,,||
[1,7,0]
0,0,0,0|93ad5d,,,,||
[2,9,0]
0,0,0,0|93ad5d,,,,||
[2,10,0]
0,0,0,0|93ad5d,,,,||
[1,9,0]
0,0,0,0|93ad5d,,,,||
[1,10,0]
0,0,0,0|93ad5d,,,,||
[1,14,0]
0,0,0,0|93ad5d,,,,||
[1,13,0]
0,0,0,0|93ad5d,,,,||
[1,12,0]
0,0,0,0|93ad5d,,,,||
[1,11,0]
0,0,0,0|93ad5d,,,,||
[0,10,0]
0,0,0,0|93ad5d,,,,||
[0,9,0]
0,0,0,0|93ad5d,,,,||
[0,11,0]
0,0,0,0|93ad5d,,,,||
[0,12,0]
0,-1,0,0|93ad5d,,,,||
[0,13,0]
0,0,0,-1|93ad5d,,,,||
[0,14,0]
0,0,0,0|93ad5d,,,,||
[15,9,0]
0,0,0,0|93ad5d,,,,||
[15,10,0]
0,0,0,0|93ad5d,,,,||
[15,11,0]
0,0,0,0|93ad5d,,,,||
[15,12,0]
0,0,0,0|93ad5d,,,,||
[14,9,0]
0,0,0,0|93ad5d,,,,||
[14,11,0]
0,0,0,0|93ad5d,,,,||
[14,10,0]
0,0,0,0|93ad5d,,,,||
[14,12,0]
0,0,0,0|93ad5d,,,,||
[14,13,0]
0,0,0,0|93ad5d,,,,||
[13,10,0]
0,0,0,0|93ad5d,,,,||
[13,9,0]
0,0,0,0|93ad5d,,,,||
[13,11,0]
0,0,0,0|93ad5d,,,,||
[13,12,0]
0,0,0,0|93ad5d,,,,||
[13,13,0]
0,0,0,0|93ad5d,,,,||
[15,7,0]
0,0,0,0|6d1ee7,,,,||
[14,7,0]
0,0,0,0|6d1ee7,,,,||
[12,7,0]
0,0,0,0|6d1ee7,,,,||
[13,7,0]
0,0,0,0|6d1ee7,,,,||
[12,6,0]
0,0,0,0|6d1ee7,,,,||
[13,6,0]
0,0,0,0|6d1ee7,,,,||
[14,6,0]
0,0,0,0|6d1ee7,,,,||
[15,6,0]
0,0,0,0|6d1ee7,,,,||
[0,6,0]
0,0,0,0|6d1ee7,,,,||
[1,6,0]
0,0,0,0|6d1ee7,,,,||
[2,6,0]
0,0,0,0|6d1ee7,,,,||
[11,5,0]
0,0,0,0|6d1ee7,,,,||
[12,5,0]
0,0,0,0|6d1ee7,,,,||
[13,5,0]
0,0,0,0|6d1ee7,,,,||
[14,5,0]
0,0,0,0|6d1ee7,,,,||
[15,5,0]
0,0,0,0|6d1ee7,,,,||
[0,5,0]
0,0,0,0|6d1ee7,,,,||
[1,5,0]
0,0,0,0|6d1ee7,,,,||
[11,4,0]
0,0,0,0|6d1ee7,,,,||
[11,3,0]
0,0,0,0|6d1ee7,,,,||
[11,2,0]
0,0,0,0|6d1ee7,,,,||
[11,1,0]
0,0,0,0|6d1ee7,,,,||
[12,1,0]
0,0,0,0|6d1ee7,,,,||
[13,1,0]
0,0,0,0|6d1ee7,,,,||
[12,2,0]
0,0,0,0|6d1ee7,,,,||
[13,2,0]
0,0,0,0|6d1ee7,,,,||
[14,4,0]
0,0,0,0|6d1ee7,,,,||
[15,4,0]
0,0,0,0|6d1ee7,,,,||
[0,4,0]
0,0,0,0|6d1ee7,,,,||
[0,3,0]
0,0,0,0|6d1ee7,,,,||
[1,3,0]
0,0,0,0|6d1ee7,,,,||
[10,2,0]
0,0,0,0|8d8d8d,,,,||
[9,2,0]
0,0,0,0|8d8d8d,,,,||
[8,2,0]
0,0,0,0|8d8d8d,,,,||
[7,2,0]
0,0,0,0|8d8d8d,,,,||
[6,2,0]
0,0,0,0|8d8d8d,,,,||
[5,2,0]
0,0,0,0|8d8d8d,,,,||
[4,2,0]
0,0,0,0|8d8d8d,,,,||
[3,2,0]
0,0,0,0|8d8d8d,,,,||
[3,4,0]
0,0,0,0|8d8d8d,,,,||
[4,4,0]
0,0,0,0|8d8d8d,,,,||
[5,4,0]
0,0,0,0|8d8d8d,,,,||
[6,4,0]
0,0,0,0|8d8d8d,,,,||
[7,4,0]
0,0,0,0|8d8d8d,,,,||
[8,4,0]
0,0,0,0|8d8d8d,,,,||
[7,3,0]
0,0,0,0|8d8d8d,,,,||
[8,3,0]
0,0,0,0|8d8d8d,,,,||
[6,3,0]
0,0,0,0|8d8d8d,,,,||
[5,3,0]
0,0,0,0|8d8d8d,,,,||
[4,3,0]
0,0,0,0|8d8d8d,,,,||
[3,3,0]
0,0,0,0|8d8d8d,,,,||
[3,1,0]
0,0,0,0|8d8d8d,,,,||
[4,1,0]
0,0,0,0|8d8d8d,,,,||
[5,1,0]
0,0,0,0|8d8d8d,,,,||
[9,3,0]
0,0,0,0|ffffff,,,,||
[9,5,0]
0,0,0,0|ffffff,,,,||
[9,4,0]
0,0,0,0|ffffff,,,,||
[8,5,0]
0,0,0,0|ffffff,,,,||
[7,5,0]
0,0,0,0|ffffff,,,,||
[6,5,0]
0,0,0,0|ffffff,,,,||
[5,5,0]
0,0,0,0|ffffff,,,,||
[3,5,0]
0,0,-1,0|ffffff,,,,||
[2,3,0]
0,0,0,0|ffffff,,,,||
[2,4,0]
0,0,0,0|ffffff,,,,||
[1,4,0]
0,0,0,0|ffffff,,,,||
[4,5,0]
0,0,0,0|ffffff,,,,||
[2,5,0]
-1,0,0,0|ffffff,,,,||
[2,2,0]
0,0,0,0|ffffff,,,,||
[1,2,0]
0,0,0,0|ffffff,,,,||
[0,2,0]
0,0,0,0|ffffff,,,,||
[15,2,0]
0,0,0,0|ffffff,,,,||
[14,2,0]
0,0,0,0|ffffff,,,,||
[14,3,0]
0,0,0,0|ffffff,,,,||
[15,3,0]
0,0,0,0|ffffff,,,,||
[13,3,0]
0,0,0,0|ffffff,,,,||
[12,3,0]
0,0,0,0|ffffff,,,,||
[12,4,0]
0,0,0,0|ffffff,,,,||
[13,4,0]
0,0,0,0|ffffff,,,,||
[14,1,0]
0,0,0,0|ffffff,,,,||
[15,1,0]
0,0,0,0|ffffff,,,,||
[0,1,0]
0,0,0,0|ffffff,,,,||
[2,1,0]
0,0,0,0|ffffff,,,,||
[1,1,0]
0,0,0,0|ffffff,,,,||
[11,0,0]
0,0,0,0|ffffff,,,,||
[12,0,0]
0,0,0,0|ffffff,,,,||
[13,0,0]
0,0,0,0|ffffff,,,,||
[14,0,0]
0,0,0,0|ffffff,,,,||
[15,0,0]
0,0,0,0|ffffff,,,,||
[0,0,0]
0,0,0,0|ffffff,,,,||
[1,0,0]
0,0,0,0|ffffff,,,,||
[2,0,0]
0,0,0,0|ffffff,,,,||
[3,0,0]
0,0,0,0|ffffff,,,,||
[4,0,0]
0,0,0,0|ffffff,,,,||
[5,0,0]
0,0,0,0|ffffff,,,,||
[6,1,0]
0,0,0,0|ffffff,,,,||
[6,0,0]
0,0,0,0|ffffff,,,,||
[7,1,0]
0,0,0,0|ffffff,,,,||
[8,1,0]
0,0,0,0|ffffff,,,,||
[9,1,0]
0,0,0,0|ffffff,,,,||
[8,0,0]
0,0,0,0|ffffff,,,,||
[9,0,0]
0,0,0,0|ffffff,,,,||
[10,0,0]
0,0,0,0|ffffff,,,,||
[10,1,0]
0,0,0,0|ffffff,,,,||
[1,30,0]
0,0,0,0|ffffff,,,,||
[1,31,0]
0,0,0,0|ffffff,,,,||
[0,31,0]
0,0,0,0|ffffff,,,,||
[11,30,0]
0,0,0,0|ffffff,,,,||
[11,31,0]
0,0,0,0|ffffff,,,,||
[12,31,0]
0,0,0,0|ffffff,,,,||
[12,30,0]
0,0,0,0|ffffff,,,,||
[14,30,0]
0,0,0,0|ffffff,,,,||
[13,30,0]
0,0,0,0|ffffff,,,,||
[13,31,0]
0,0,0,0|ffffff,,,,||
[14,31,0]
0,0,0,0|ffffff,,,,||
[7,0,0]
0,0,0,0|a92626,,,,||
[0,0,2]
0,-1,0,-1|||test_rooms/camera_boundary_test_map.tscn
[0,1,2]
-1,0,0,-1|||test_rooms/camera_boundary_test_map.tscn
[1,1,2]
-1,0,-1,0|||test_rooms/camera_boundary_test_map.tscn
[2,1,2]
-1,-1,-1,0|||test_rooms/camera_boundary_test_map.tscn
[3,1,2]
0,-1,-1,0|||test_rooms/camera_boundary_test_map.tscn
[2,2,2]
-1,0,0,-1|||test_rooms/camera_boundary_test_map.tscn
[3,2,2]
0,0,-1,-1|||test_rooms/camera_boundary_test_map.tscn
[0,-1,2]
-1,-1,0,0|||test_rooms/camera_boundary_test_map.tscn
[1,-1,2]
0,0,-1,0|||test_rooms/camera_boundary_test_map.tscn
[2,17,1]
-1,-1,0,0|3b74aa,,,,||
[2,18,1]
-1,0,1,-1|3b74aa,,,,||
[3,17,1]
0,-1,-1,0|3b74aa,,,,||
[3,18,1]
1,0,-1,-1|3b74aa,,,,||
[1,18,1]
1,-1,0,0|3b74aa,,,,||
[1,19,1]
0,-1,0,-1|3b74aa,,,,||
[1,20,1]
0,-1,0,-1|3b74aa,,,,||
[1,21,1]
1,0,0,-1|3b74aa,,,,||
[2,21,1]
0,-1,1,0|3b74aa,,,,||
[2,22,1]
0,0,0,-1|3b74aa,,,,||
[4,18,1]
1,0,1,0|3b74aa,,,,||
[5,18,1]
0,-1,1,0|3b74aa,,,,||
[5,19,1]
1,0,0,-1|3b74aa,,,,||
[6,19,1]
-1,-1,1,0|3b74aa,,,,||
[6,20,1]
-1,0,0,-1|3b74aa,,,,||
[7,19,1]
1,-1,-1,0|3b74aa,,,,||
[7,20,1]
0,0,-1,-1|3b74aa,,,,||
[8,19,1]
-1,0,1,0|3b74aa,,,,||
[9,19,1]
-1,0,-1,0|3b74aa,,,,||
[10,19,1]
-1,0,-1,1|3b74aa,,,,||
[11,19,1]
1,0,-1,0|3b74aa,,,,||
[10,17,1]
1,-1,0,0|3b74aa,,,,||
[10,18,1]
0,1,0,-1|3b74aa,,,,||
[11,17,1]
0,0,1,1|3b74aa,,,,||
[12,17,1]
1,-1,0,0|3b74aa,,,,||
[12,18,1]
0,-1,1,-1|3b74aa,,,,||
[12,19,1]
1,0,1,-1|3b74aa,,,,||
[11,18,1]
1,0,0,0|3b74aa,,,,||
[13,17,1]
-1,0,1,0|3b74aa,,,,||
[14,17,1]
-1,0,-1,0|3b74aa,,,,||
[15,17,1]
0,0,-1,0|3b74aa,,,,||
[13,19,1]
-1,0,1,0|3b74aa,,,,||
[14,19,1]
0,0,-1,1|3b74aa,,,,||
[14,18,1]
-1,1,0,0|3b74aa,,,,||
[15,18,1]
1,0,-1,0|3b74aa,,,,||
[16,17,1]
1,-1,0,0|3b74aa,,,,||
[16,18,1]
0,0,1,-1|3b74aa,,,,||
[17,17,1]
0,0,1,0|3b74aa,,,,||
[0,19,1]
0,0,0,0|3b74aa,,,,||
[15,19,1]
0,0,0,0|3b74aa,,,,||
[13,18,1]
0,0,0,0|3b74aa,,,,||
[9,18,1]
0,0,0,0|3b74aa,,,,||
[9,17,1]
0,0,0,0|3b74aa,,,,||
[8,17,1]
0,0,0,0|3b74aa,,,,||
[8,18,1]
0,0,0,0|3b74aa,,,,||
[7,18,1]
0,0,0,0|3b74aa,,,,||
[7,17,1]
0,0,0,0|3b74aa,,,,||
[6,17,1]
0,0,0,0|3b74aa,,,,||
[6,18,1]
0,0,0,0|3b74aa,,,,||
[5,17,1]
0,0,0,0|3b74aa,,,,||
[4,17,1]
0,0,0,0|3b74aa,,,,||
[3,15,1]
-1,-1,0,0|0083ff,,,,||
[3,16,1]
-1,0,0,-1|0083ff,,,,||
[4,15,1]
-1,-1,-1,0|0083ff,,,,||
[4,16,1]
-1,0,-1,-1|0083ff,,,,||
[5,15,1]
0,-1,-1,0|0083ff,,,,||
[5,16,1]
0,0,-1,-1|0083ff,,,,||
[6,15,1]
-1,-1,0,0|0083ff,,,,||
[6,16,1]
-1,0,0,-1|0083ff,,,,||
[7,15,1]
-1,-1,-1,0|0083ff,,,,||
[7,16,1]
-1,0,-1,-1|0083ff,,,,||
[8,15,1]
-1,-1,-1,0|0083ff,,,,||
[8,16,1]
-1,0,-1,-1|0083ff,,,,||
[9,15,1]
0,-1,-1,0|0083ff,,,,||
[9,16,1]
0,0,-1,-1|0083ff,,,,||
[10,15,1]
-1,-1,0,0|0083ff,,,,||
[10,16,1]
-1,0,0,-1|0083ff,,,,||
[11,15,1]
-1,-1,-1,0|0083ff,,,,||
[11,16,1]
-1,1,-1,-1|0083ff,,,,||
[12,15,1]
0,-1,-1,0|0083ff,,,,||
[12,16,1]
0,0,-1,-1|0083ff,,,,||
[13,15,1]
-1,-1,0,0|0083ff,,,,||
[13,16,1]
-1,0,0,-1|0083ff,,,,||
[14,15,1]
-1,-1,-1,0|0083ff,,,,||
[14,16,1]
-1,0,-1,-1|0083ff,,,,||
[15,15,1]
0,-1,-1,0|0083ff,,,,||
[15,16,1]
0,0,-1,-1|0083ff,,,,||
[16,15,1]
-1,-1,0,0|0083ff,,,,||
[16,16,1]
-1,0,0,-1|0083ff,,,,||
[17,15,1]
-1,-1,-1,0|0083ff,,,,||
[17,16,1]
-1,0,-1,-1|0083ff,,,,||
[18,15,1]
0,-1,-1,0|0083ff,,,,||
[18,16,1]
0,0,-1,-1|0083ff,,,,||
